5.720000000000000000e+02
9.700000000000000000e+02
9.950000000000000000e+02
1.020000000000000000e+03
1.010000000000000000e+03
9.980000000000000000e+02
1.015000000000000000e+03
1.030000000000000000e+03
1.038000000000000000e+03
1.027000000000000000e+03
1.007000000000000000e+03
1.012000000000000000e+03
1.054000000000000000e+03
1.019000000000000000e+03
1.035000000000000000e+03
1.048000000000000000e+03
1.068000000000000000e+03
1.034000000000000000e+03
9.950000000000000000e+02
1.005000000000000000e+03
1.041000000000000000e+03
1.052000000000000000e+03
1.037000000000000000e+03
1.052000000000000000e+03
1.054000000000000000e+03
